(2,0)
(3,-inf)
(4,0)
(5,1)
(6,0)
(7,-inf)
(8,1.58496)
(9,-inf)
(10,1.58496)
(11,2.32193)
(12,1)
(13,1.58496)
(14,2)
(15,1)
(16,2.80735)
(17,3)
(18,2)
(19,3.16993)
(20,3.58496)
(21,3.16993)
(22,3.45943)
(23,3.45943)
(24,3.58496)
(25,3.58496)
(26,4.80735)
(27,3.16993)
(28,5.12928)
(29,5.12928)
(30,4.9542)
(31,5.49185)
(32,5.78136)
(33,4.32193)
(34,5.93074)
(35,5.83289)
(36,5.9542)
(37,6.49185)
(38,6.64386)
(39,6.33985)
(40,7.35755)
(41,6.9542)
(42,7.02237)
(43,7.19967)
(44,7.79442)
(45,7.45943)
(46,8.27146)
(47,7.98299)
(48,8.48382)
(49,8.39232)
(50,9.05799)
(51,8.33985)
(52,9.33762)
(53,9.09276)
(54,9.32867)
(55,9.35755)
(56,9.97871)
(57,9.49185)
(58,10.268)
(59,9.85798)
(60,10.6475)
(61,10.3498)
(62,11.0775)
(63,10.4336)
